array([[ 0.00000000e+00,  0.00000000e+00,  0.00000000e+00, 0.00000000e+00,  0.00000000e+00],
       [ 0.00000000e+00, -9.54600000e-01,  0.00000000e+00, 0.00000000e+00,  0.00000000e+00],
       [ 0.00000000e+00,  8.72000000e-01, -6.00000000e-04, 0.00000000e+00,  0.00000000e+00],
       [ 0.00000000e+00,  8.26000000e-02,  6.00000000e-04, -1.66666667e-01,  0.00000000e+00],
       [ 0.00000000e+00,  0.00000000e+00,  0.00000000e+00, 1.66666667e-01,  0.00000000e+00]])


array([[-0.00000000e+00,  0.00000000e+00,  0.00000000e+00, 0.00000000e+00,  0.00000000e+00],
       [ 0.00000000e+00, -9.54600000e-01,  0.00000000e+00, 0.00000000e+00,  0.00000000e+00],
       [ 0.00000000e+00,  8.72000000e-01, -6.00000000e-04, 0.00000000e+00,  0.00000000e+00],
       [ 0.00000000e+00,  8.26000000e-02,  6.00000000e-04, -1.66666667e-01,  0.00000000e+00],
<<<<<<< HEAD
       [ 0.00000000e+00,  0.00000000e+00,  0.00000000e+00, 1.66666667e-01, -0.00000000e+00]])
=======
       [ 0.00000000e+00,  0.00000000e+00,  0.00000000e+00, 1.66666667e-01, -0.00000000e+00]])


Complete/Reflect
>>>>>>> 79bc6ce6eb95ed368879615f1f4e4ef3fa2a6138
